make: Nothing to be done for 'all'.

test1, 1000 200
FCFS:	 67273	33104.268000	19150.676584
SSTF:	 1279	143.592000	105.436903
LOOK:	 1378	141.665000	95.282168
CLOOK:	 1378	212.937000	124.248915

test2, 1000 400
FCFS:	 134187	66456.202000	38091.417576
SSTF:	 1702	330.607000	220.542294
LOOK:	 1596	284.189000	203.427624
CLOOK:	 1770	406.143000	250.819491

test3, 1000 600
FCFS:	 198338	97526.824000	56235.706744
SSTF:	 1579	513.361000	345.666333
LOOK:	 1796	505.826000	296.128969
CLOOK:	 2392	867.908000	369.264309

test4, 2000 200
FCFS:	 134158	65486.377500	38042.200959
SSTF:	 2368	142.399500	101.472219
LOOK:	 2189	132.408000	96.311882
CLOOK:	 2187	195.937000	115.522538

test5, 2000 400
FCFS:	 263168	131381.694500	75050.483072
SSTF:	 2678	297.068500	207.422453
LOOK:	 2392	293.159500	195.128580
CLOOK:	 2765	443.940000	252.679195

test6, 2000 600
FCFS:	 416793	208449.849500	118991.634542
SSTF:	 3041	410.808500	288.730335
LOOK:	 2993	405.836500	287.086597
CLOOK:	 2993	618.653500	360.398989

test7, 3000 200
FCFS:	 201605	99872.366333	57339.679696
SSTF:	 3198	150.530667	109.811881
LOOK:	 3366	133.851333	95.616857
CLOOK:	 3364	199.257333	117.797274

test8, 3000 400
FCFS:	 407699	201834.513000	117358.358515
SSTF:	 3708	277.806667	198.827309
LOOK:	 3589	276.085000	196.023861
CLOOK:	 3589	412.411667	234.021844

test9, 3000 600
FCFS:	 591225	294380.655000	169806.187709
SSTF:	 3638	438.239333	316.841640
LOOK:	 3594	399.006667	284.000155
CLOOK:	 4160	597.175333	365.046885

